{
 "cells": [
  {
   "cell_type": "code",
   "execution_count": 798,
   "metadata": {},
   "outputs": [],
   "source": [
    "import numpy as np\n",
    "import math\n",
    "\n",
    "t = 0  # number of this round\n",
    "T = 8000  # numbers of rounds\n",
    "l = 30  # ||a|| <= L\n",
    "d = 3 #dimension of arm\n",
    "m = 1 #||theta|| < m\n",
    "theta_stimato = [0.0, 0.0, 0.0] #np.array([])  theta\n",
    "A = [] #collector of arm\n",
    "num_arms = 0 #number of arms\n",
    "num_theta = 0 #num theta\n",
    "Th = [] #collector of theta\n",
    "W = [] #distribution of probability to play arms\n",
    "N = [] #number of times an arm is played\n",
    "R = [] #collection of reward\n",
    "H = [] #collection of hedge losses\n",
    "L = [] #collection of losses\n",
    "Mixability_Gap = [] #collection of all mixability gap at each t\n",
    "AI = [] #number of the arm played at time I\n",
    "nu = 0.01 #regularization paramether\n",
    "eta = 0.8 #learning paramether\n",
    "theta_vero = [0]*6\n",
    "curr_answ = 0\n",
    "\n",
    "sample_correct = [0]*800\n",
    "error_reward = [0]*800\n",
    "error_best_choosen = [0] * 800\n",
    "\n",
    "Y = []\n",
    "num_arms_y = 0\n",
    "\n",
    "M = [] #world\n",
    "num_M = 0\n",
    "\n",
    "class world():\n",
    "    matrix = np.array([])\n",
    "    id\n",
    "\n",
    "    def __init__(self, param):\n",
    "        self.matrix = param\n",
    "        global M, num_M\n",
    "        self.id = num_M\n",
    "        M.append(self)\n",
    "        num_M +=1\n",
    "        \n",
    "class arm_y():\n",
    "    arm_vector = np.array([])\n",
    "    id = 0\n",
    "\n",
    "    def __init__(self, vector):\n",
    "        self.arm_vector = vector\n",
    "        global num_arms_y, arm_Y\n",
    "        Y.append(self)\n",
    "        self.id = num_arms_y\n",
    "        num_arms_y += 1\n",
    "        \n",
    "def create_theta():\n",
    "    for i in range (0, num_arms_y):\n",
    "        new_theta = theta(np.matmul(M[0].matrix, Y[i].arm_vector))\n",
    "\n",
    "def normalize(v):\n",
    "    sum = np.sum(v)\n",
    "    if sum > 0:\n",
    "        return v / sum\n",
    "    else:\n",
    "        return np.array([0.33]*len(v))\n",
    "    \n",
    "class theta():\n",
    "    vector = np.array([])\n",
    "    best_arm = -1\n",
    "    id\n",
    "\n",
    "    def __init__(self, param):\n",
    "        self.vector = param\n",
    "        global Th, num_theta\n",
    "        self.id = num_theta\n",
    "        Th.append(self)\n",
    "        num_theta +=1\n",
    "        #i = 0\n",
    "        #best = -5\n",
    "        #while i < num_arms:\n",
    "            #tmp = np.dot( A[i].arm_vector, np.transpose(self.vector))\n",
    "            #if best < tmp:\n",
    "                #best = tmp\n",
    "                #self.best_arm = i\n",
    "\n",
    "class arm():\n",
    "    arm_vector = np.array([])\n",
    "    id = 0\n",
    "    best_theta = -1\n",
    "    regret_y = []\n",
    "\n",
    "    def __init__(self, vector):\n",
    "        self.regret_y = [0] *num_arms_y\n",
    "        self.arm_vector = vector\n",
    "        global num_arms, A\n",
    "        A.append(self)\n",
    "        W.append(0)\n",
    "        N.append(0)\n",
    "        L.append(1)\n",
    "        self.id = num_arms\n",
    "        num_arms +=1\n",
    "        max = -5\n",
    "        for i in range (0, num_theta):\n",
    "            tmp = np.matmul(self.arm_vector, Th[i].vector)\n",
    "            if tmp > max:\n",
    "                self.best_theta = i\n",
    "                max = tmp\n",
    "                            \n",
    "    def new_theta_vero(self):\n",
    "        min = 1000000000000000\n",
    "        curr = -1\n",
    "        for i in range (0, num_arms_y):\n",
    "            if self.regret_y[i] < min:\n",
    "                curr = i\n",
    "                min = self.regret_y[i]\n",
    "        global theta_vero\n",
    "        theta_vero[self.id] = curr\n",
    "                    \n",
    "    def pull_arm(self):\n",
    "        r = np.dot(self.arm_vector, np.transpose(Th[theta_vero[self.id]].vector)) + np.random.normal(0, 1)\n",
    "        R.append(r)\n",
    "        #print(\"self.id\", self.id)\n",
    "        #print(\"theta_vero\", theta_vero)\n",
    "        #print(\"regret_y\", self.regret_y)\n",
    "        self.regret_y[theta_vero[self.id]] += (4*(l**2)*(m**2) - r)/1000\n",
    "        self.new_theta_vero()\n",
    "        N[self.id] += 1\n",
    "        AI.append(self.id)\n",
    "        return r\n",
    "        \n",
    "    def norm(self):\n",
    "        return np.linalg.norm(self.arm_vector)\n",
    "\n",
    "def design_matrix(w):\n",
    "    V = []\n",
    "    i = 0\n",
    "    while i < num_arms:\n",
    "        b = [A[i].arm_vector]\n",
    "        a = np.swapaxes(b, 0, 1)\n",
    "        ris = np.matmul(a, b) * w[i]\n",
    "        if (i == 0):\n",
    "            V = ris\n",
    "        else:\n",
    "            V += ris\n",
    "        i+=1\n",
    "    return V\n",
    "\n",
    "def norm_2_mat(x, V):\n",
    "    b = [x]\n",
    "    a = np.swapaxes(b, 0, 1)\n",
    "    ris = np.sqrt(np.matmul(np.matmul(b,V),a))\n",
    "    return ris[0][0]\n",
    "\n",
    "def arm_to_play():\n",
    "    diff = np.array(N) - np.array(W)\n",
    "    i = 0\n",
    "    arm = 0\n",
    "    min = +5000\n",
    "    while i < num_arms:\n",
    "        if diff[i] < min:\n",
    "            min = diff[i]\n",
    "            arm = i\n",
    "        i += 1\n",
    "    return arm\n",
    "\n",
    "def stima_theta():\n",
    "    V = design_matrix(N)\n",
    "    I = np.identity(d)\n",
    "    p = np.linalg.inv(V + nu*I)\n",
    "    sum = 0\n",
    "    for i in range (0, t):\n",
    "        sum += R[i] * np.array(A[AI[i]].arm_vector)\n",
    "    #print(\"sum\", sum)\n",
    "    #print(\"p\", p)\n",
    "    res = np.matmul(p, sum)\n",
    "    #print(\"res\", res)\n",
    "    global theta_stimato\n",
    "    theta_stimato = res\n",
    "    return res\n",
    "\n",
    "def best_answer():\n",
    "    max = -100\n",
    "    best = -1\n",
    "    for i in range (0, num_arms):\n",
    "        curr = np.matmul(A[i].arm_vector, theta_stimato)\n",
    "        if curr > max:\n",
    "            max = curr\n",
    "            best = i\n",
    "    global curr_answ\n",
    "    curr_answ = best\n",
    "    return best\n",
    "\n",
    "def best_arm():\n",
    "    max = -100\n",
    "    best = -1\n",
    "    for i in range (0, num_arms):\n",
    "        for j in range (0, num_theta):\n",
    "            min = 1000000000\n",
    "            curr = np.matmul(A[i].arm_vector, Th[j].vector)\n",
    "            if curr < min:\n",
    "                min = curr\n",
    "        if min > max:\n",
    "            best = i\n",
    "            max = min\n",
    "    global curr_answ\n",
    "    curr_answ = best\n",
    "    return best\n",
    "\n",
    "def best_value():\n",
    "    max = -100\n",
    "    for i in range (0, num_arms):\n",
    "        for j in range (0, num_theta):\n",
    "            min = 1000000000\n",
    "            curr = np.matmul(A[i].arm_vector, Th[j].vector)\n",
    "            if curr < min:\n",
    "                min = curr\n",
    "        if min > max:\n",
    "            max = min\n",
    "    return max\n",
    "\n",
    "\n",
    "def beta(time, delta):\n",
    "    n = np.abs(np.random.normal(0, 1))\n",
    "    res = math.sqrt(math.log10(1/delta) + d/2*math.log10(1 + (time*(l**2))/(n*d))) + math.sqrt(n/2)*m\n",
    "    return res\n",
    "\n",
    "def best_response():\n",
    "    min = 1000000000000\n",
    "    theta_adv = 0\n",
    "    for i in range (0, num_theta):\n",
    "        if not i == A[curr_answ].best_theta:\n",
    "            curr = (norm_2_mat(np.array(theta_stimato) - np.array(Th[i].vector), design_matrix(W)))**2\n",
    "            if curr < min:\n",
    "                min = curr\n",
    "                theta_adv = i\n",
    "    return theta_adv\n",
    "\n",
    "def calcola_U (id_arm):\n",
    "    xi = [0]*d\n",
    "    q2 = 4*(l**2)*(m**2)\n",
    "    q1 = 0\n",
    "    #print(\"theta_stimato\", theta_stimato)\n",
    "    #print(\"best_response()\", best_response())\n",
    "    #print(\"id_arm\", id_arm)\n",
    "    p1 = np.matmul((np.array(theta_stimato) - np.array(Th[best_response()].vector)), np.array(A[id_arm].arm_vector))\n",
    "    p2 = math.sqrt(2*beta(T, 1/T**3))*norm_2_mat(np.array(A[id_arm].arm_vector), design_matrix(normalize(N)) + np.random.normal(0, 1)*np.identity(d))\n",
    "    r1 = (p1 + p2)**2\n",
    "    r2 = (p1 - p2)**2\n",
    "    if r1 > r2:\n",
    "        q1 = r1\n",
    "    else:\n",
    "        q1 = r2\n",
    "    if q1 > q2:\n",
    "        return q2\n",
    "    else:\n",
    "        return q1\n",
    "\n",
    "def calcola_loss():\n",
    "    loss = 0\n",
    "    par = 0\n",
    "    arm_play = arm_to_play()\n",
    "    best_res = best_response ()\n",
    "    for i in range (0, num_arms):\n",
    "        #print(\"IMPORTANTE: W\", W)\n",
    "        #print(\"W[i]\", W[i])\n",
    "        #print(\"calcola_U(i)\", calcola_U(i))\n",
    "        par = W[i]*calcola_U(i)/2\n",
    "        if math.isnan(par):\n",
    "            loss += 0.1\n",
    "        else:\n",
    "            loss += par\n",
    "        #print(\"loss parziale i\", loss, i)\n",
    "    #print(\"loss\", loss)\n",
    "    #print(\"lm etc\", 4*(l**2)*(m**2))\n",
    "    L[arm_play] += (4*(l**2)*(m**2) - loss)/1000\n",
    "    return (4*(l**2)*(m**2) - loss)/1000"
   ]
  },
  {
   "cell_type": "code",
   "execution_count": 799,
   "metadata": {},
   "outputs": [
    {
     "data": {
      "text/plain": [
       "2"
      ]
     },
     "execution_count": 799,
     "metadata": {},
     "output_type": "execute_result"
    }
   ],
   "source": [
    "len([0,1])"
   ]
  },
  {
   "cell_type": "code",
   "execution_count": null,
   "metadata": {},
   "outputs": [],
   "source": []
  },
  {
   "cell_type": "code",
   "execution_count": 800,
   "metadata": {},
   "outputs": [],
   "source": [
    "ze = arm_y( [0.8705524572652754, 0.0619707940889308, 0.6618039107464511] )\n",
    "ke = arm_y( [0.29313747095524345, 0.7147227382224571, 0.43880766191059795] )\n",
    "le = arm_y( [0.3976778652509695, 0.20770310609484777, 0.791678366091227] )"
   ]
  },
  {
   "cell_type": "code",
   "execution_count": null,
   "metadata": {},
   "outputs": [],
   "source": []
  },
  {
   "cell_type": "code",
   "execution_count": 801,
   "metadata": {},
   "outputs": [],
   "source": [
    "wor = world( [[0.5899011009128065, 0.5657184902992989, 0.6054951466017203], [0.82708485598313, 0.1528251973706528, 0.4138971668624878], [0.4974849256226015, 0.7843065267705409, 0.12423891479137728]] )"
   ]
  },
  {
   "cell_type": "code",
   "execution_count": 802,
   "metadata": {},
   "outputs": [],
   "source": [
    "create_theta()"
   ]
  },
  {
   "cell_type": "code",
   "execution_count": 803,
   "metadata": {},
   "outputs": [],
   "source": [
    "ae = arm( [0.9871376736199118, 0.688121853533161, 0.5235809151333978] )\n",
    "be = arm( [0.03481376451873974, 0.34685413538499243, 0.05591468294799695] )\n",
    "ce = arm( [0.8484788173613923, 0.9117151239295301, 0.43862231513255734] )\n",
    "de = arm( [0.6311689207509968, 0.08306431034585382, 0.49042361557796177] )"
   ]
  },
  {
   "cell_type": "code",
   "execution_count": 804,
   "metadata": {},
   "outputs": [
    {
     "data": {
      "text/plain": [
       "3"
      ]
     },
     "execution_count": 804,
     "metadata": {},
     "output_type": "execute_result"
    }
   ],
   "source": [
    "num_theta"
   ]
  },
  {
   "cell_type": "code",
   "execution_count": 805,
   "metadata": {},
   "outputs": [
    {
     "data": {
      "text/plain": [
       "array([0.83144951, 0.68832904, 0.45909891])"
      ]
     },
     "execution_count": 805,
     "metadata": {},
     "output_type": "execute_result"
    }
   ],
   "source": [
    "Th[2].vector"
   ]
  },
  {
   "cell_type": "code",
   "execution_count": 806,
   "metadata": {},
   "outputs": [],
   "source": [
    "w = [0.25, 0.25, 0.25, 0.25]\n",
    "V = design_matrix(w)"
   ]
  },
  {
   "cell_type": "code",
   "execution_count": 807,
   "metadata": {},
   "outputs": [],
   "source": [
    "for i in range (0, num_arms):\n",
    "    A[i].pull_arm()"
   ]
  },
  {
   "cell_type": "code",
   "execution_count": 808,
   "metadata": {},
   "outputs": [
    {
     "name": "stdout",
     "output_type": "stream",
     "text": [
      "0\n",
      "0\n",
      "0\n",
      "0\n"
     ]
    }
   ],
   "source": [
    "for i in range (0, num_arms):\n",
    "    #print(A[i].best_theta)"
   ]
  },
  {
   "cell_type": "code",
   "execution_count": 809,
   "metadata": {},
   "outputs": [
    {
     "name": "stdout",
     "output_type": "stream",
     "text": [
      "1.9228288935043807\n",
      "1.5974799618787874\n",
      "1.534784812354001\n",
      "0.4126172746467014\n",
      "0.2568690843497489\n",
      "0.29336603143560747\n",
      "1.9676442382309933\n",
      "1.5351935764319555\n",
      "1.534398315792654\n",
      "0.9590829887935023\n",
      "0.9495101599700522\n",
      "0.8071136101287715\n",
      "0\n",
      "1.534784812354001\n"
     ]
    }
   ],
   "source": [
    "for i in range(0, num_arms):\n",
    "    for j in range (0, num_theta):\n",
    "        #print(np.matmul(A[i].arm_vector, Th[j].vector))\n",
    "#print(best_arm())\n",
    "#print(best_value())"
   ]
  },
  {
   "cell_type": "code",
   "execution_count": 810,
   "metadata": {},
   "outputs": [
    {
     "data": {
      "text/plain": [
       "0"
      ]
     },
     "execution_count": 810,
     "metadata": {},
     "output_type": "execute_result"
    }
   ],
   "source": [
    "arm_to_play()"
   ]
  },
  {
   "cell_type": "code",
   "execution_count": 811,
   "metadata": {},
   "outputs": [
    {
     "name": "stdout",
     "output_type": "stream",
     "text": [
      "1.5974799618787874\n",
      "0.2568690843497489\n",
      "1.5351935764319555\n",
      "0.9495101599700522\n"
     ]
    }
   ],
   "source": [
    "for i in range (0, num_arms):\n",
    "    #print(np.matmul(A[i].arm_vector, Th[theta_vero[i]].vector))"
   ]
  },
  {
   "cell_type": "code",
   "execution_count": 812,
   "metadata": {},
   "outputs": [],
   "source": [
    "def h():\n",
    "    return np.dot(W, L)\n",
    "\n",
    "def mix_loss():\n",
    "    sum = 0\n",
    "    for i in range (0, num_arms):\n",
    "        sum += W[i] * math.exp(-eta * L[i])\n",
    "    return -1/eta * np.log(sum)\n",
    "\n",
    "def mixability_gap():\n",
    "    m_g = h() - mix_loss()\n",
    "    Mixability_Gap.append(m_g)\n",
    "\n",
    "def new_eta():\n",
    "    if t>0:\n",
    "        sum = 0\n",
    "        for i in range (0, t):\n",
    "            sum += Mixability_Gap[i]\n",
    "        eta = math.log(d)/sum\n",
    "        \n",
    "def generate_w():\n",
    "    sum=0\n",
    "    for i in range (0, num_arms):\n",
    "        W[i] = math.exp(-eta * L[i])/num_arms\n",
    "        sum += math.exp(-eta * L[i])/num_arms\n",
    "    for i in range (0, num_arms):\n",
    "        W[i] = W[i]/sum\n",
    "    return W"
   ]
  },
  {
   "cell_type": "code",
   "execution_count": 813,
   "metadata": {},
   "outputs": [
    {
     "data": {
      "text/plain": [
       "[0, 0, 0, 0]"
      ]
     },
     "execution_count": 813,
     "metadata": {},
     "output_type": "execute_result"
    }
   ],
   "source": [
    "W"
   ]
  },
  {
   "cell_type": "code",
   "execution_count": null,
   "metadata": {},
   "outputs": [],
   "source": []
  },
  {
   "cell_type": "code",
   "execution_count": null,
   "metadata": {},
   "outputs": [],
   "source": []
  },
  {
   "cell_type": "code",
   "execution_count": 814,
   "metadata": {},
   "outputs": [
    {
     "name": "stdout",
     "output_type": "stream",
     "text": [
      "sum [1.6183     1.12809756 0.85835139]\n",
      "p [[ 17.09806091  -5.04992666 -22.74967552]\n",
      " [ -5.04992666   3.46174575   4.47490195]\n",
      " [-22.74967552   4.47490195  34.21426989]]\n",
      "res [ 2.44576644 -0.42607108 -2.39980781]\n",
      "theta_stimato [ 2.44576644 -0.42607108 -2.39980781]\n",
      "best_response() 2\n",
      "id_arm 0\n",
      "theta_stimato [ 2.44576644 -0.42607108 -2.39980781]\n",
      "best_response() 2\n",
      "id_arm 1\n",
      "theta_stimato [ 2.44576644 -0.42607108 -2.39980781]\n",
      "best_response() 2\n",
      "id_arm 2\n",
      "theta_stimato [ 2.44576644 -0.42607108 -2.39980781]\n",
      "best_response() 2\n",
      "id_arm 3\n",
      "3.596537820009926\n"
     ]
    },
    {
     "name": "stderr",
     "output_type": "stream",
     "text": [
      "D:\\Programmi\\Anaconda3\\lib\\site-packages\\ipykernel_launcher.py:8: RuntimeWarning: divide by zero encountered in log\n",
      "  \n"
     ]
    },
    {
     "data": {
      "text/plain": [
       "0.8065565953745695"
      ]
     },
     "execution_count": 814,
     "metadata": {},
     "output_type": "execute_result"
    }
   ],
   "source": [
    "t += 1\n",
    "stima_theta()\n",
    "best_answer()\n",
    "curr = arm_to_play()\n",
    "mixability_gap()\n",
    "generate_w()\n",
    "err = calcola_loss()\n",
    "#print(err)\n",
    "A[curr].pull_arm()"
   ]
  },
  {
   "cell_type": "code",
   "execution_count": 815,
   "metadata": {},
   "outputs": [
    {
     "name": "stdout",
     "output_type": "stream",
     "text": [
      "sum [1.60771793 1.02266699 0.84135544]\n",
      "p [[ 15.64088418  -4.79607541 -21.31988073]\n",
      " [ -4.79607541   3.41752294   4.22582084]\n",
      " [-21.31988073   4.22582084  32.81134251]]\n",
      "res [ 2.30374436 -0.6603312  -2.34874562]\n",
      "theta_stimato [ 2.30374436 -0.6603312  -2.34874562]\n",
      "best_response() 2\n",
      "id_arm 0\n",
      "theta_stimato [ 2.30374436 -0.6603312  -2.34874562]\n",
      "best_response() 2\n",
      "id_arm 1\n",
      "theta_stimato [ 2.30374436 -0.6603312  -2.34874562]\n",
      "best_response() 2\n",
      "id_arm 2\n",
      "theta_stimato [ 2.30374436 -0.6603312  -2.34874562]\n",
      "best_response() 2\n",
      "id_arm 3\n",
      "3.587118685285068\n"
     ]
    },
    {
     "data": {
      "text/plain": [
       "1.1087287948906928"
      ]
     },
     "execution_count": 815,
     "metadata": {},
     "output_type": "execute_result"
    }
   ],
   "source": [
    "t += 1\n",
    "stima_theta()\n",
    "best_answer()\n",
    "curr = arm_to_play()\n",
    "mixability_gap()\n",
    "new_eta()\n",
    "generate_w()\n",
    "err = calcola_loss()\n",
    "#print(err)\n",
    "A[curr].pull_arm()"
   ]
  },
  {
   "cell_type": "code",
   "execution_count": null,
   "metadata": {},
   "outputs": [],
   "source": []
  },
  {
   "cell_type": "code",
   "execution_count": null,
   "metadata": {},
   "outputs": [],
   "source": []
  },
  {
   "cell_type": "code",
   "execution_count": 816,
   "metadata": {},
   "outputs": [
    {
     "name": "stdout",
     "output_type": "stream",
     "text": [
      "sum [2.81068928 2.31529463 1.46323317]\n",
      "p [[ 12.0747643   -2.86003868 -17.37257218]\n",
      " [ -2.86003868   2.3664539    2.08283783]\n",
      " [-17.37257218   2.08283783  28.44209937]]\n",
      "res [ 1.8964546   0.48803532 -2.38909608]\n",
      "theta_stimato [ 1.8964546   0.48803532 -2.38909608]\n",
      "best_response() 2\n",
      "id_arm 0\n",
      "theta_stimato [ 1.8964546   0.48803532 -2.38909608]\n",
      "best_response() 2\n",
      "id_arm 1\n",
      "theta_stimato [ 1.8964546   0.48803532 -2.38909608]\n",
      "best_response() 2\n",
      "id_arm 2\n",
      "theta_stimato [ 1.8964546   0.48803532 -2.38909608]\n",
      "best_response() 2\n",
      "id_arm 3\n",
      "err 3.591769244516236\n",
      "sum [2.81068928 2.31529463 1.46323317]\n",
      "p [[ 12.07454842  -2.86792358 -17.36809442]\n",
      " [ -2.86792358   2.07845617   2.24638915]\n",
      " [-17.36809442   2.24638915  28.34922005]]\n",
      "res [ 1.88414399  0.03838746 -2.1337451 ]\n",
      "sum [2.81068928 2.31529463 1.46323317]\n",
      "p [[ 12.07454842  -2.86792358 -17.36809442]\n",
      " [ -2.86792358   2.07845617   2.24638915]\n",
      " [-17.36809442   2.24638915  28.34922005]]\n",
      "res [ 1.88414399  0.03838746 -2.1337451 ]\n",
      "sum [4.10792616 2.4860161  2.47119724]\n",
      "p [[ 12.07454842  -2.86792358 -17.36809442]\n",
      " [ -2.86792358   2.07845617   2.24638915]\n",
      " [-17.36809442   2.24638915  28.34922005]]\n",
      "res [-0.44833793 -1.06287211  4.29422464]\n",
      "theta_stimato [-0.44833793 -1.06287211  4.29422464]\n",
      "best_response() 1\n",
      "id_arm 0\n",
      "theta_stimato [-0.44833793 -1.06287211  4.29422464]\n",
      "best_response() 1\n",
      "id_arm 1\n",
      "theta_stimato [-0.44833793 -1.06287211  4.29422464]\n",
      "best_response() 1\n",
      "id_arm 2\n",
      "theta_stimato [-0.44833793 -1.06287211  4.29422464]\n",
      "best_response() 1\n",
      "id_arm 3\n",
      "err 3.594275523635108\n",
      "sum [4.10792616 2.4860161  2.47119724]\n",
      "p [[ 11.34814493  -3.21088821 -15.36623553]\n",
      " [ -3.21088821   1.91652862   3.19154813]\n",
      " [-15.36623553   3.19154813  22.83239772]]\n",
      "res [ 0.66202274 -0.53862568  1.23423745]\n",
      "sum [4.10792616 2.4860161  2.47119724]\n",
      "p [[ 11.34814493  -3.21088821 -15.36623553]\n",
      " [ -3.21088821   1.91652862   3.19154813]\n",
      " [-15.36623553   3.19154813  22.83239772]]\n",
      "res [ 0.66202274 -0.53862568  1.23423745]\n",
      "sum [4.90410856 3.04102532 2.89349488]\n",
      "p [[ 11.34814493  -3.21088821 -15.36623553]\n",
      " [ -3.21088821   1.91652862   3.19154813]\n",
      " [-15.36623553   3.19154813  22.83239772]]\n",
      "res [ 1.42601846 -0.68360406  0.41331747]\n",
      "theta_stimato [ 1.42601846 -0.68360406  0.41331747]\n",
      "best_response() 1\n",
      "id_arm 0\n",
      "theta_stimato [ 1.42601846 -0.68360406  0.41331747]\n",
      "best_response() 1\n",
      "id_arm 1\n",
      "theta_stimato [ 1.42601846 -0.68360406  0.41331747]\n",
      "best_response() 1\n",
      "id_arm 2\n",
      "theta_stimato [ 1.42601846 -0.68360406  0.41331747]\n",
      "best_response() 1\n",
      "id_arm 3\n",
      "err 3.5914892938010126\n",
      "sum [4.90410856 3.04102532 2.89349488]\n",
      "p [[ 11.06283561  -3.34559434 -14.5799659 ]\n",
      " [ -3.34559434   1.85292838   3.562778  ]\n",
      " [-14.5799659    3.562778    20.66555674]]\n",
      "res [ 1.89225295 -0.4634758  -0.87155475]\n",
      "sum [4.90410856 3.04102532 2.89349488]\n",
      "p [[ 11.06283561  -3.34559434 -14.5799659 ]\n",
      " [ -3.34559434   1.85292838   3.562778  ]\n",
      " [-14.5799659    3.562778    20.66555674]]\n",
      "res [ 1.89225295 -0.4634758  -0.87155475]\n",
      "sum [4.94270758 3.42559249 2.9554891 ]\n",
      "p [[ 11.06283561  -3.34559434 -14.5799659 ]\n",
      " [ -3.34559434   1.85292838   3.562778  ]\n",
      " [-14.5799659    3.562778    20.66555674]]\n",
      "res [0.12878826 0.34083458 1.2169453 ]\n",
      "theta_stimato [0.12878826 0.34083458 1.2169453 ]\n",
      "best_response() 2\n",
      "id_arm 0\n",
      "theta_stimato [0.12878826 0.34083458 1.2169453 ]\n",
      "best_response() 2\n",
      "id_arm 1\n",
      "theta_stimato [0.12878826 0.34083458 1.2169453 ]\n",
      "best_response() 2\n",
      "id_arm 2\n",
      "theta_stimato [0.12878826 0.34083458 1.2169453 ]\n",
      "best_response() 2\n",
      "id_arm 3\n",
      "err 3.5890537107897598\n",
      "sum [4.94270758 3.42559249 2.9554891 ]\n",
      "p [[  9.11920314  -2.45911003 -12.27809021]\n",
      " [ -2.45911003   1.44860583   2.51290014]\n",
      " [-12.27809021   2.51290014  17.93940774]]\n",
      "res [0.36188385 0.23452046 0.94088638]\n",
      "sum [4.94270758 3.42559249 2.9554891 ]\n",
      "p [[  9.11920314  -2.45911003 -12.27809021]\n",
      " [ -2.45911003   1.44860583   2.51290014]\n",
      " [-12.27809021   2.51290014  17.93940774]]\n",
      "res [0.36188385 0.23452046 0.94088638]\n",
      "sum [6.06322015 4.62961578 3.53473964]\n",
      "p [[  9.11920314  -2.45911003 -12.27809021]\n",
      " [ -2.45911003   1.44860583   2.51290014]\n",
      " [-12.27809021   2.51290014  17.93940774]]\n",
      "res [0.50714941 0.6788107  0.60013398]\n",
      "theta_stimato [0.50714941 0.6788107  0.60013398]\n",
      "best_response() 2\n",
      "id_arm 0\n",
      "theta_stimato [0.50714941 0.6788107  0.60013398]\n",
      "best_response() 2\n",
      "id_arm 1\n",
      "theta_stimato [0.50714941 0.6788107  0.60013398]\n",
      "best_response() 2\n",
      "id_arm 2\n",
      "theta_stimato [0.50714941 0.6788107  0.60013398]\n",
      "best_response() 2\n",
      "id_arm 3\n",
      "err 3.5950259917684537\n",
      "sum [6.06322015 4.62961578 3.53473964]\n",
      "p [[  9.10980081  -2.48786676 -12.25603497]\n",
      " [ -2.48786676   1.36065426   2.58035539]\n",
      " [-12.25603497   2.58035539  17.88767233]]\n",
      "res [0.39496793 0.33570708 0.86328039]\n",
      "sum [6.06322015 4.62961578 3.53473964]\n",
      "p [[  9.10980081  -2.48786676 -12.25603497]\n",
      " [ -2.48786676   1.36065426   2.58035539]\n",
      " [-12.25603497   2.58035539  17.88767233]]\n",
      "res [0.39496793 0.33570708 0.86328039]\n",
      "sum [6.68106899 4.71092711 4.01481344]\n",
      "p [[  9.10980081  -2.48786676 -12.25603497]\n",
      " [ -2.48786676   1.36065426   2.58035539]\n",
      " [-12.25603497   2.58035539  17.88767233]]\n",
      "res [-0.06264525  0.14797912  2.08811837]\n",
      "theta_stimato [-0.06264525  0.14797912  2.08811837]\n",
      "best_response() 1\n",
      "id_arm 0\n",
      "theta_stimato [-0.06264525  0.14797912  2.08811837]\n",
      "best_response() 1\n",
      "id_arm 1\n",
      "theta_stimato [-0.06264525  0.14797912  2.08811837]\n",
      "best_response() 1\n",
      "id_arm 2\n",
      "theta_stimato [-0.06264525  0.14797912  2.08811837]\n",
      "best_response() 1\n",
      "id_arm 3\n",
      "err 3.5990158295850967\n",
      "sum [6.68106899 4.71092711 4.01481344]\n",
      "p [[  8.50604673  -2.37004016 -11.58691382]\n",
      " [ -2.37004016   1.33765962   2.44977198]\n",
      " [-11.58691382   2.44977198  17.14610696]]\n",
      "res [-0.85489885  0.30259264  2.96614744]\n",
      "sum [6.68106899 4.71092711 4.01481344]\n",
      "p [[  8.50604673  -2.37004016 -11.58691382]\n",
      " [ -2.37004016   1.33765962   2.44977198]\n",
      " [-11.58691382   2.44977198  17.14610696]]\n",
      "res [-0.85489885  0.30259264  2.96614744]\n",
      "sum [8.76876593 4.98567623 5.63697171]\n",
      "p [[  8.50604673  -2.37004016 -11.58691382]\n",
      " [ -2.37004016   1.33765962   2.44977198]\n",
      " [-11.58691382   2.44977198  17.14610696]]\n",
      "res [-2.5438256  -0.30389428  7.26295475]\n",
      "theta_stimato [-2.5438256  -0.30389428  7.26295475]\n",
      "best_response() 1\n",
      "id_arm 0\n",
      "theta_stimato [-2.5438256  -0.30389428  7.26295475]\n",
      "best_response() 1\n",
      "id_arm 1\n",
      "theta_stimato [-2.5438256  -0.30389428  7.26295475]\n",
      "best_response() 1\n",
      "id_arm 2\n",
      "theta_stimato [-2.5438256  -0.30389428  7.26295475]\n",
      "best_response() 1\n",
      "id_arm 3\n",
      "err 3.5949610936612997\n",
      "sum [8.76876593 4.98567623 5.63697171]\n",
      "p [[  8.30542498  -2.44208264 -11.07651098]\n",
      " [ -2.44208264   1.31178945   2.63305563]\n",
      " [-11.07651098   2.63305563  15.84758845]]\n",
      "res [-1.78508489 -0.03143349  5.33263856]\n",
      "sum [8.76876593 4.98567623 5.63697171]\n",
      "p [[  8.30542498  -2.44208264 -11.07651098]\n",
      " [ -2.44208264   1.31178945   2.63305563]\n",
      " [-11.07651098   2.63305563  15.84758845]]\n",
      "res [-1.78508489 -0.03143349  5.33263856]\n",
      "sum [8.76799953 4.97804044 5.63574078]\n",
      "p [[  8.30542498  -2.44208264 -11.07651098]\n",
      " [ -2.44208264   1.31178945   2.63305563]\n",
      " [-11.07651098   2.63305563  15.84758845]]\n",
      "res [-1.75916855 -0.04281953  5.30151491]\n",
      "theta_stimato [-1.75916855 -0.04281953  5.30151491]\n",
      "best_response() 1\n",
      "id_arm 0\n",
      "theta_stimato [-1.75916855 -0.04281953  5.30151491]\n",
      "best_response() 1\n",
      "id_arm 1\n",
      "theta_stimato [-1.75916855 -0.04281953  5.30151491]\n",
      "best_response() 1\n",
      "id_arm 2\n",
      "theta_stimato [-1.75916855 -0.04281953  5.30151491]\n",
      "best_response() 1\n",
      "id_arm 3\n",
      "err 3.594083220576601\n",
      "sum [8.76799953 4.97804044 5.63574078]\n",
      "p [[ 7.16707313 -1.94196102 -9.70943233]\n",
      " [-1.94196102  1.09206685  2.03244555]\n",
      " [-9.70943233  2.03244555 14.20582537]]\n",
      "res [-1.54611044 -0.13642413  5.04564745]\n",
      "sum [8.76799953 4.97804044 5.63574078]\n",
      "p [[ 7.16707313 -1.94196102 -9.70943233]\n",
      " [-1.94196102  1.09206685  2.03244555]\n",
      " [-9.70943233  2.03244555 14.20582537]]\n",
      "res [-1.54611044 -0.13642413  5.04564745]\n",
      "sum [9.72235643 6.00352464 6.12909692]\n",
      "p [[ 7.16707313 -1.94196102 -9.70943233]\n",
      " [-1.94196102  1.09206685  2.03244555]\n",
      " [-9.70943233  2.03244555 14.20582537]]\n",
      "res [-1.48782313  0.13286875  4.87215565]\n",
      "theta_stimato [-1.48782313  0.13286875  4.87215565]\n",
      "best_response() 1\n",
      "id_arm 0\n",
      "theta_stimato [-1.48782313  0.13286875  4.87215565]\n",
      "best_response() 1\n",
      "id_arm 1\n",
      "theta_stimato [-1.48782313  0.13286875  4.87215565]\n",
      "best_response() 1\n",
      "id_arm 2\n",
      "theta_stimato [-1.48782313  0.13286875  4.87215565]\n",
      "best_response() 1\n",
      "id_arm 3\n",
      "err 3.5921727613526238\n",
      "sum [9.72235643 6.00352464 6.12909692]\n",
      "p [[ 7.16482517 -1.9523468  -9.7027413 ]\n",
      " [-1.9523468   1.04408358  2.06335874]\n",
      " [-9.7027413   2.06335874 14.18590956]]\n",
      "res [-1.53101986 -0.06670422  5.00073043]\n",
      "sum [9.72235643 6.00352464 6.12909692]\n",
      "p [[ 7.16482517 -1.9523468  -9.7027413 ]\n",
      " [-1.9523468   1.04408358  2.06335874]\n",
      " [-9.7027413   2.06335874 14.18590956]]\n",
      "res [-1.53101986 -0.06670422  5.00073043]\n",
      "sum [11.11972782  6.9776155   6.87026709]\n",
      "p [[ 7.16482517 -1.9523468  -9.7027413 ]\n",
      " [-1.9523468   1.04408358  2.06335874]\n",
      " [-9.7027413   2.06335874 14.18590956]]\n",
      "res [-0.61224368 -0.24852556  3.96646915]\n",
      "theta_stimato [-0.61224368 -0.24852556  3.96646915]\n",
      "best_response() 1\n",
      "id_arm 0\n",
      "theta_stimato [-0.61224368 -0.24852556  3.96646915]\n",
      "best_response() 1\n",
      "id_arm 1\n",
      "theta_stimato [-0.61224368 -0.24852556  3.96646915]\n",
      "best_response() 1\n",
      "id_arm 2\n",
      "theta_stimato [-0.61224368 -0.24852556  3.96646915]\n",
      "best_response() 1\n",
      "id_arm 3\n",
      "err 3.5900271272671547\n",
      "sum [11.11972782  6.9776155   6.87026709]\n",
      "p [[ 6.8047025  -1.88108027 -9.29735319]\n",
      " [-1.88108027  1.02998028  1.9831344 ]\n",
      " [-9.29735319  1.9831344  13.7295664 ]]\n",
      "res [-1.33431475 -0.1056312   4.77930058]\n",
      "sum [11.11972782  6.9776155   6.87026709]\n",
      "p [[ 6.8047025  -1.88108027 -9.29735319]\n",
      " [-1.88108027  1.02998028  1.9831344 ]\n",
      " [-9.29735319  1.9831344  13.7295664 ]]\n",
      "res [-1.33431475 -0.1056312   4.77930058]\n",
      "sum [11.64995618  7.04739564  7.28225903]\n",
      "p [[ 6.8047025  -1.88108027 -9.29735319]\n",
      " [-1.88108027  1.02998028  1.9831344 ]\n",
      " [-9.29735319  1.9831344  13.7295664 ]]\n",
      "res [-1.68796514 -0.21412575  5.64443435]\n",
      "theta_stimato [-1.68796514 -0.21412575  5.64443435]\n",
      "best_response() 1\n",
      "id_arm 0\n",
      "theta_stimato [-1.68796514 -0.21412575  5.64443435]\n",
      "best_response() 1\n",
      "id_arm 1\n",
      "theta_stimato [-1.68796514 -0.21412575  5.64443435]\n",
      "best_response() 1\n",
      "id_arm 2\n",
      "theta_stimato [-1.68796514 -0.21412575  5.64443435]\n",
      "best_response() 1\n",
      "id_arm 3\n",
      "err 3.599108664666507\n",
      "sum [11.64995618  7.04739564  7.28225903]\n",
      "p [[ 6.66045898 -1.92533198 -8.94449074]\n",
      " [-1.92533198  1.01640453  2.09138723]\n",
      " [-8.94449074  2.09138723 12.86636015]]\n",
      "res [-1.1106194  -0.03700487  4.23207536]\n",
      "sum [11.64995618  7.04739564  7.28225903]\n",
      "p [[ 6.66045898 -1.92533198 -8.94449074]\n",
      " [-1.92533198  1.01640453  2.09138723]\n",
      " [-8.94449074  2.09138723 12.86636015]]\n",
      "res [-1.1106194  -0.03700487  4.23207536]\n",
      "sum [11.68973687  7.44373594  7.34615114]\n",
      "p [[ 6.66045898 -1.92533198 -8.94449074]\n",
      " [-1.92533198  1.01640453  2.09138723]\n",
      " [-8.94449074  2.09138723 12.86636015]]\n",
      "res [-2.18023075  0.4228693   5.52721724]\n",
      "theta_stimato [-2.18023075  0.4228693   5.52721724]\n",
      "best_response() 1\n",
      "id_arm 0\n",
      "theta_stimato [-2.18023075  0.4228693   5.52721724]\n",
      "best_response() 1\n",
      "id_arm 1\n",
      "theta_stimato [-2.18023075  0.4228693   5.52721724]\n",
      "best_response() 1\n",
      "id_arm 2\n",
      "theta_stimato [-2.18023075  0.4228693   5.52721724]\n",
      "best_response() 1\n",
      "id_arm 3\n",
      "err 3.5969366786937593\n",
      "sum [11.68973687  7.44373594  7.34615114]\n",
      "p [[ 5.91180346 -1.6034512  -8.03797913]\n",
      " [-1.6034512   0.87801346  1.70163699]\n",
      " [-8.03797913  1.70163699 11.76870804]]\n",
      "res [-1.8764499   0.29226021  5.15938336]\n",
      "sum [11.68973687  7.44373594  7.34615114]\n",
      "p [[ 5.91180346 -1.6034512  -8.03797913]\n",
      " [-1.6034512   0.87801346  1.70163699]\n",
      " [-8.03797913  1.70163699 11.76870804]]\n",
      "res [-1.8764499   0.29226021  5.15938336]\n",
      "sum [13.1839591   9.0493211   8.11859141]\n",
      "p [[ 5.91180346 -1.6034512  -8.03797913]\n",
      " [-1.6034512   0.87801346  1.70163699]\n",
      " [-8.03797913  1.70163699 11.76870804]]\n",
      "res [-1.82623805  0.62048612  4.97160349]\n",
      "theta_stimato [-1.82623805  0.62048612  4.97160349]\n",
      "best_response() 1\n",
      "id_arm 0\n",
      "theta_stimato [-1.82623805  0.62048612  4.97160349]\n",
      "best_response() 1\n",
      "id_arm 1\n",
      "theta_stimato [-1.82623805  0.62048612  4.97160349]\n",
      "best_response() 1\n",
      "id_arm 2\n",
      "theta_stimato [-1.82623805  0.62048612  4.97160349]\n",
      "best_response() 1\n",
      "id_arm 3\n",
      "err 3.592984037489138\n",
      "sum [13.1839591   9.0493211   8.11859141]\n",
      "p [[ 5.91109492 -1.60808285 -8.03532933]\n",
      " [-1.60808285  0.84773719  1.71895821]\n",
      " [-8.03532933  1.71895821 11.75879847]]\n",
      "res [-1.85598022  0.42606687  5.08283182]\n",
      "sum [13.1839591   9.0493211   8.11859141]\n",
      "p [[ 5.91109492 -1.60808285 -8.03532933]\n",
      " [-1.60808285  0.84773719  1.71895821]\n",
      " [-8.03532933  1.71895821 11.75879847]]\n",
      "res [-1.85598022  0.42606687  5.08283182]\n",
      "sum [15.03205221 10.33760469  9.09882579]\n",
      "p [[ 5.91109492 -1.60808285 -8.03532933]\n",
      " [-1.60808285  0.84773719  1.71895821]\n",
      " [-8.03532933  1.71895821 11.75879847]]\n",
      "res [-0.8798992   0.23128786  3.97367916]\n",
      "theta_stimato [-0.8798992   0.23128786  3.97367916]\n",
      "best_response() 1\n",
      "id_arm 0\n",
      "theta_stimato [-0.8798992   0.23128786  3.97367916]\n",
      "best_response() 1\n",
      "id_arm 1\n",
      "theta_stimato [-0.8798992   0.23128786  3.97367916]\n",
      "best_response() 1\n",
      "id_arm 2\n",
      "theta_stimato [-0.8798992   0.23128786  3.97367916]\n",
      "best_response() 1\n",
      "id_arm 3\n",
      "err 3.597332051918423\n",
      "sum [15.03205221 10.33760469  9.09882579]\n",
      "p [[ 5.67115759 -1.56020286 -7.76268073]\n",
      " [-1.56020286  0.83818264  1.66455061]\n",
      " [-7.76268073  1.66455061 11.44897898]]\n",
      "res [-1.51090305  0.357206    4.69070939]\n",
      "sum [15.03205221 10.33760469  9.09882579]\n",
      "p [[ 5.67115759 -1.56020286 -7.76268073]\n",
      " [-1.56020286  0.83818264  1.66455061]\n",
      " [-7.76268073  1.66455061 11.44897898]]\n",
      "res [-1.51090305  0.357206    4.69070939]\n",
      "sum [15.51502938 10.40116638  9.47410315]\n",
      "p [[ 5.67115759 -1.56020286 -7.76268073]\n",
      " [-1.56020286  0.83818264  1.66455061]\n",
      " [-7.76268073  1.66455061 11.44897898]]\n",
      "res [-1.78419091  0.28160812  5.34385613]\n",
      "theta_stimato [-1.78419091  0.28160812  5.34385613]\n",
      "best_response() 1\n",
      "id_arm 0\n",
      "theta_stimato [-1.78419091  0.28160812  5.34385613]\n",
      "best_response() 1\n",
      "id_arm 1\n",
      "theta_stimato [-1.78419091  0.28160812  5.34385613]\n",
      "best_response() 1\n",
      "id_arm 2\n",
      "theta_stimato [-1.78419091  0.28160812  5.34385613]\n",
      "best_response() 1\n",
      "id_arm 3\n",
      "err 3.5991161430760306\n",
      "sum [15.51502938 10.40116638  9.47410315]\n",
      "p [[ 5.56351903 -1.58997823 -7.50542901]\n",
      " [-1.58997823  0.82994607  1.73571252]\n",
      " [-7.50542901  1.73571252 10.83415795]]\n",
      "res [-1.32667552  0.40816769  4.25041317]\n",
      "sum [15.51502938 10.40116638  9.47410315]\n",
      "p [[ 5.56351903 -1.58997823 -7.50542901]\n",
      " [-1.58997823  0.82994607  1.73571252]\n",
      " [-7.50542901  1.73571252 10.83415795]]\n",
      "res [-1.32667552  0.40816769  4.25041317]\n",
      "sum [15.53052112 10.55551264  9.49898457]\n",
      "p [[ 5.56351903 -1.58997823 -7.50542901]\n",
      " [-1.58997823  0.82994607  1.73571252]\n",
      " [-7.50542901  1.73571252 10.83415795]]\n",
      "res [-1.67263982  0.55482221  4.67161094]\n",
      "theta_stimato [-1.67263982  0.55482221  4.67161094]\n",
      "best_response() 1\n",
      "id_arm 0\n",
      "theta_stimato [-1.67263982  0.55482221  4.67161094]\n",
      "best_response() 1\n",
      "id_arm 1\n",
      "theta_stimato [-1.67263982  0.55482221  4.67161094]\n",
      "best_response() 1\n",
      "id_arm 2\n",
      "theta_stimato [-1.67263982  0.55482221  4.67161094]\n",
      "best_response() 1\n",
      "id_arm 3\n",
      "err 3.5957036478097133\n",
      "sum [15.53052112 10.55551264  9.49898457]\n",
      "p [[ 5.56312095 -1.58679527 -7.50606243]\n",
      " [-1.58679527  0.80449576  1.74077726]\n",
      " [-7.50606243  1.74077726 10.83315004]]\n",
      "res [-1.65124134  0.38372415  4.70566037]\n",
      "sum [15.53052112 10.55551264  9.49898457]\n",
      "p [[ 5.56312095 -1.58679527 -7.50606243]\n",
      " [-1.58679527  0.80449576  1.74077726]\n",
      " [-7.50606243  1.74077726 10.83315004]]\n",
      "res [-1.65124134  0.38372415  4.70566037]\n",
      "sum [17.5738534  12.7511325  10.55528806]\n",
      "p [[ 5.56312095 -1.58679527 -7.50606243]\n",
      " [-1.58679527  0.80449576  1.74077726]\n",
      " [-7.50606243  1.74077726 10.83315004]]\n",
      "res [-1.69661587  0.74653013  4.63346003]\n",
      "theta_stimato [-1.69661587  0.74653013  4.63346003]\n",
      "best_response() 1\n",
      "id_arm 0\n",
      "theta_stimato [-1.69661587  0.74653013  4.63346003]\n",
      "best_response() 1\n",
      "id_arm 1\n",
